-7 82
14 14
59 40
-72 58
68 -3
-99 -4
15 44
72 77
68 78
97 22
-45 -35
76 22
-43 91
48 51
-41 -94
-45 11
-5 98
-90 -11
76 14
73 2
-5 -4
91 -51
-50 -11
97 -58
14 78
21 -45
22 -35
-84 -90
-68 -81
17 -35
-50 40
73 -2
75 33
21 -57
-43 29
47 82
-92 -94
34 -57
15 -51
59 -78
73 -47
76 77
90 -57
91 -58
-25 -93
-50 -2
-50 29
91 -78
34 -25
68 98
17 51
59 -45
-43 -14
-13 98
-13 -51
48 -47
17 -90
35 -57
-38 2
48 -14
96 -22
-84 -55
-45 91
26 29
15 58
97 40
17 -45
97 33
51 74
79 91
-84 -11
76 -48
30 77
97 -25
59 -46
-9 8
-92 -61
73 -34
59 78
-45 -61
42 -69
97 74
75 11
17 87
79 44
30 -69
-13 11
30 25
-99 -94
-55 33
79 68
-25 -48
47 8
-72 -11
42 -90
-68 -46
59 8
-38 -48
-5 -55
91 -93